   0.0000000E+00   0.0000000E+00   0.0000000E+00   0.0000000E+00   0.0000000E+00
   0.0000000E+00   0.0000000E+00   0.0000000E+00   0.0000000E+00   0.0000000E+00
   0.0000000E+00   0.0000000E+00   0.0000000E+00   0.0000000E+00   0.0000000E+00
   0.0000000E+00   0.0000000E+00   0.0000000E+00   0.0000000E+00   0.0000000E+00
   0.0000000E+00   0.0000000E+00   0.0000000E+00   0.0000000E+00   0.0000000E+00
   0.0000000E+00   0.0000000E+00   0.0000000E+00   0.0000000E+00   0.0000000E+00
   0.0000000E+00   0.0000000E+00   0.0000000E+00   0.0000000E+00   0.0000000E+00
   0.0000000E+00   0.0000000E+00   0.0000000E+00   0.0000000E+00   0.0000000E+00
   0.0000000E+00   0.0000000E+00   0.0000000E+00   0.0000000E+00   0.0000000E+00
   0.0000000E+00   0.0000000E+00   0.0000000E+00   0.0000000E+00   0.0000000E+00
   0.0000000E+00   0.0000000E+00   0.0000000E+00   0.0000000E+00   0.0000000E+00
   0.0000000E+00   0.0000000E+00   0.0000000E+00   0.0000000E+00   0.0000000E+00
   0.0000000E+00   0.0000000E+00   0.0000000E+00   0.0000000E+00   0.0000000E+00
   0.0000000E+00   0.0000000E+00   0.0000000E+00   0.0000000E+00   0.0000000E+00
   0.0000000E+00   0.0000000E+00   0.0000000E+00   0.0000000E+00   0.0000000E+00
   0.0000000E+00   0.0000000E+00   0.0000000E+00   0.0000000E+00   0.0000000E+00
   0.0000000E+00   0.0000000E+00   0.0000000E+00   0.0000000E+00   0.0000000E+00
   0.0000000E+00   0.0000000E+00   0.0000000E+00   0.0000000E+00   0.0000000E+00
   0.0000000E+00   0.0000000E+00   0.0000000E+00   0.0000000E+00   0.0000000E+00
   0.0000000E+00   0.0000000E+00   0.0000000E+00   0.0000000E+00   0.0000000E+00
   0.0000000E+00   0.0000000E+00   0.0000000E+00   0.0000000E+00   0.0000000E+00
   0.0000000E+00   0.0000000E+00   0.0000000E+00   0.0000000E+00   0.0000000E+00
   0.0000000E+00   0.0000000E+00   0.0000000E+00   0.0000000E+00   0.0000000E+00
   0.0000000E+00   0.0000000E+00   0.0000000E+00   0.0000000E+00   0.0000000E+00
   0.0000000E+00   0.0000000E+00   0.0000000E+00   0.0000000E+00   0.0000000E+00
   0.0000000E+00   0.0000000E+00   0.0000000E+00   0.0000000E+00   0.0000000E+00
   0.0000000E+00   0.0000000E+00   0.0000000E+00   0.0000000E+00   0.0000000E+00
   0.0000000E+00   0.0000000E+00   0.0000000E+00   0.0000000E+00   0.0000000E+00
   0.0000000E+00   0.0000000E+00   0.0000000E+00   0.0000000E+00   0.0000000E+00
   0.0000000E+00   0.0000000E+00   0.0000000E+00   0.0000000E+00   0.0000000E+00
   0.0000000E+00   0.0000000E+00   0.0000000E+00   0.0000000E+00   0.0000000E+00
   0.0000000E+00   0.0000000E+00   0.0000000E+00   0.0000000E+00   0.0000000E+00
   0.0000000E+00   0.0000000E+00   0.0000000E+00   0.0000000E+00   0.0000000E+00
   0.0000000E+00   0.0000000E+00   0.0000000E+00   0.0000000E+00   0.0000000E+00
   0.0000000E+00   0.0000000E+00   0.0000000E+00   0.0000000E+00   0.0000000E+00
   0.0000000E+00   0.0000000E+00   0.0000000E+00   0.0000000E+00   0.0000000E+00
   0.0000000E+00   0.0000000E+00   0.0000000E+00   0.0000000E+00   0.0000000E+00
   0.0000000E+00   0.0000000E+00   0.0000000E+00   0.0000000E+00   0.0000000E+00
   0.0000000E+00   0.0000000E+00   0.0000000E+00   0.0000000E+00   0.0000000E+00
   0.0000000E+00   0.0000000E+00   0.0000000E+00   0.0000000E+00   0.0000000E+00
   0.0000000E+00   0.0000000E+00   0.0000000E+00   0.0000000E+00   0.0000000E+00
   0.0000000E+00   0.0000000E+00   0.0000000E+00   0.0000000E+00   0.0000000E+00
   0.0000000E+00   0.0000000E+00   0.0000000E+00   0.0000000E+00   0.0000000E+00
   0.0000000E+00   0.0000000E+00   0.0000000E+00   0.0000000E+00   0.0000000E+00
   0.0000000E+00   0.0000000E+00   0.0000000E+00   0.0000000E+00   0.0000000E+00
   0.0000000E+00   0.0000000E+00   0.0000000E+00   0.0000000E+00   0.0000000E+00
   0.0000000E+00   0.0000000E+00   0.0000000E+00   0.0000000E+00   0.0000000E+00
   0.0000000E+00   0.0000000E+00   0.0000000E+00   0.0000000E+00   0.0000000E+00
   0.0000000E+00   0.0000000E+00   0.0000000E+00   0.0000000E+00   0.0000000E+00
   0.0000000E+00   0.0000000E+00   0.0000000E+00   0.0000000E+00   0.0000000E+00
   0.0000000E+00   0.0000000E+00   0.0000000E+00   0.0000000E+00   0.0000000E+00
   0.0000000E+00   0.0000000E+00   0.0000000E+00   0.0000000E+00   0.0000000E+00
   0.0000000E+00   0.0000000E+00   0.0000000E+00   0.0000000E+00   0.0000000E+00
   0.0000000E+00   0.0000000E+00   0.0000000E+00   0.0000000E+00   0.0000000E+00
   0.0000000E+00   0.0000000E+00   0.0000000E+00   0.0000000E+00   0.0000000E+00
   0.0000000E+00   0.0000000E+00   0.0000000E+00   0.0000000E+00   0.0000000E+00
   0.0000000E+00   0.0000000E+00   0.0000000E+00   0.0000000E+00   0.0000000E+00
   0.0000000E+00   0.0000000E+00   0.0000000E+00   0.0000000E+00   0.0000000E+00
   0.0000000E+00   0.0000000E+00   0.0000000E+00   0.0000000E+00   0.0000000E+00
   0.0000000E+00   0.0000000E+00   0.0000000E+00   0.0000000E+00   0.0000000E+00
   0.0000000E+00   0.0000000E+00   0.0000000E+00   0.0000000E+00   0.0000000E+00
   0.0000000E+00   0.0000000E+00   0.0000000E+00   0.0000000E+00   0.0000000E+00
   0.0000000E+00   0.0000000E+00   0.0000000E+00   0.0000000E+00   0.0000000E+00
   0.0000000E+00   0.0000000E+00   0.0000000E+00   0.0000000E+00   0.0000000E+00
   0.0000000E+00   0.0000000E+00   0.0000000E+00   0.0000000E+00   0.0000000E+00
   0.0000000E+00   0.0000000E+00   0.0000000E+00   0.0000000E+00   0.0000000E+00
   0.0000000E+00   0.0000000E+00   0.0000000E+00   0.0000000E+00   0.0000000E+00
   0.0000000E+00   0.0000000E+00   0.0000000E+00   0.0000000E+00   0.0000000E+00
   0.0000000E+00   0.0000000E+00   0.0000000E+00   0.0000000E+00   0.0000000E+00
   0.0000000E+00   0.0000000E+00   0.0000000E+00   0.0000000E+00   0.0000000E+00
   0.0000000E+00   0.0000000E+00   0.0000000E+00   0.0000000E+00   0.0000000E+00
   0.0000000E+00   0.0000000E+00   0.0000000E+00   0.0000000E+00   0.0000000E+00
   0.0000000E+00   0.0000000E+00   0.0000000E+00   0.0000000E+00   0.0000000E+00
   0.0000000E+00   0.0000000E+00   0.0000000E+00   0.0000000E+00   0.0000000E+00
   0.0000000E+00   0.0000000E+00   0.0000000E+00   0.0000000E+00   0.0000000E+00
   0.0000000E+00   0.0000000E+00   0.0000000E+00   0.0000000E+00   0.0000000E+00
   0.0000000E+00   0.0000000E+00   0.0000000E+00   0.0000000E+00   0.0000000E+00
   0.0000000E+00   0.0000000E+00   0.0000000E+00   0.0000000E+00   0.0000000E+00
   0.0000000E+00   0.0000000E+00   0.0000000E+00   0.0000000E+00   0.0000000E+00
   0.0000000E+00   0.0000000E+00   0.0000000E+00   0.0000000E+00   0.0000000E+00
   0.0000000E+00   0.0000000E+00   0.0000000E+00   0.0000000E+00   0.0000000E+00
   0.0000000E+00   0.0000000E+00   0.0000000E+00   0.0000000E+00   0.0000000E+00
   0.0000000E+00   0.0000000E+00   0.0000000E+00   0.0000000E+00   0.0000000E+00
   0.0000000E+00   0.0000000E+00   0.0000000E+00   0.0000000E+00   0.0000000E+00
   0.0000000E+00   0.0000000E+00   0.0000000E+00   0.0000000E+00   0.0000000E+00
   0.0000000E+00   0.0000000E+00   0.0000000E+00   0.0000000E+00   0.0000000E+00
   0.0000000E+00   0.0000000E+00   0.0000000E+00   0.0000000E+00   0.0000000E+00
   0.0000000E+00   0.0000000E+00   0.0000000E+00   0.0000000E+00   0.0000000E+00
   0.0000000E+00   0.0000000E+00   0.0000000E+00   0.0000000E+00   0.0000000E+00
   0.0000000E+00   0.0000000E+00   0.0000000E+00   0.0000000E+00   0.0000000E+00
   0.0000000E+00   0.0000000E+00   0.0000000E+00   0.0000000E+00   0.0000000E+00
   0.0000000E+00   0.0000000E+00   0.0000000E+00   0.0000000E+00   0.0000000E+00
   0.0000000E+00   0.0000000E+00   0.0000000E+00   0.0000000E+00   0.0000000E+00
   0.0000000E+00   0.0000000E+00   0.0000000E+00   0.0000000E+00   0.0000000E+00
   0.0000000E+00   0.0000000E+00   0.0000000E+00   0.0000000E+00   0.0000000E+00
   0.0000000E+00   0.0000000E+00   0.0000000E+00   0.0000000E+00   0.0000000E+00
   0.0000000E+00   0.0000000E+00   0.0000000E+00   0.0000000E+00   0.0000000E+00
   0.0000000E+00   0.0000000E+00   0.0000000E+00   0.0000000E+00   0.0000000E+00
   0.0000000E+00   0.0000000E+00   0.0000000E+00   0.0000000E+00   0.0000000E+00
   0.0000000E+00   0.0000000E+00   0.0000000E+00   0.0000000E+00   0.0000000E+00
   0.0000000E+00   0.0000000E+00   0.0000000E+00   0.0000000E+00   0.0000000E+00
   0.0000000E+00   0.0000000E+00   0.0000000E+00   0.0000000E+00   0.0000000E+00
   0.0000000E+00   0.0000000E+00   0.0000000E+00   0.0000000E+00   0.0000000E+00
   0.0000000E+00   0.0000000E+00   0.0000000E+00   0.0000000E+00   0.0000000E+00
   0.0000000E+00   0.0000000E+00   0.0000000E+00   0.0000000E+00   0.0000000E+00
   0.0000000E+00   0.0000000E+00   0.0000000E+00   0.0000000E+00   0.0000000E+00
   0.0000000E+00   0.0000000E+00   0.0000000E+00   0.0000000E+00   0.0000000E+00
   0.0000000E+00   0.0000000E+00   0.0000000E+00   0.0000000E+00   0.0000000E+00
   0.0000000E+00   0.0000000E+00   0.0000000E+00   0.0000000E+00   0.0000000E+00
   0.0000000E+00   0.0000000E+00   0.0000000E+00   0.0000000E+00   0.0000000E+00
   0.0000000E+00   0.0000000E+00   0.0000000E+00   0.0000000E+00   0.0000000E+00
   0.0000000E+00   0.0000000E+00   0.0000000E+00   0.0000000E+00   0.0000000E+00
   0.0000000E+00   0.0000000E+00   0.0000000E+00   0.0000000E+00   0.0000000E+00
   0.0000000E+00   0.0000000E+00   0.0000000E+00   0.0000000E+00   0.0000000E+00
   0.0000000E+00   0.0000000E+00   0.0000000E+00   0.0000000E+00   0.0000000E+00
   0.0000000E+00   0.0000000E+00   0.0000000E+00   0.0000000E+00   0.0000000E+00
   0.0000000E+00   0.0000000E+00   0.0000000E+00   0.0000000E+00   0.0000000E+00
   0.0000000E+00   0.0000000E+00   0.0000000E+00   0.0000000E+00   0.0000000E+00
   0.0000000E+00   0.0000000E+00   0.0000000E+00   0.0000000E+00   0.0000000E+00
   0.0000000E+00   0.0000000E+00   0.0000000E+00   0.0000000E+00   0.0000000E+00
   0.0000000E+00   0.0000000E+00   0.0000000E+00   0.0000000E+00   0.0000000E+00
   0.0000000E+00   0.0000000E+00   0.0000000E+00   0.0000000E+00   0.0000000E+00
   0.0000000E+00   0.0000000E+00   0.0000000E+00   0.0000000E+00   0.0000000E+00
   0.0000000E+00   0.0000000E+00   0.0000000E+00   0.0000000E+00   0.0000000E+00
   0.0000000E+00   0.0000000E+00   0.0000000E+00   0.0000000E+00   0.0000000E+00
   0.0000000E+00   0.0000000E+00   0.0000000E+00   0.0000000E+00   0.0000000E+00
   0.3294847E-04   0.1359640E-06  -0.1131748E-04   0.1053732E-04  -0.3627994E-05
   0.5537603E-04   0.4905991E-06  -0.1849092E-04   0.1792159E-04  -0.6000234E-05
   0.7087817E-04   0.9882214E-06  -0.2301073E-04   0.2256341E-04  -0.7348419E-05
   0.8219633E-04   0.1586222E-05  -0.2594814E-04   0.2558915E-04  -0.8109881E-05
   0.9073821E-04   0.2254341E-05  -0.2785382E-04   0.2754983E-04  -0.8498939E-05
   0.9738487E-04   0.2974818E-05  -0.2906802E-04   0.2880304E-04  -0.8651728E-05
   0.1026773E-03   0.3734717E-05  -0.2979861E-04   0.2956177E-04  -0.8648675E-05
   0.1069694E-03   0.4524280E-05  -0.3018047E-04   0.2996507E-04  -0.8541469E-05
   0.1105556E-03   0.5342870E-05  -0.3032242E-04   0.3013754E-04  -0.8374574E-05
   0.1135218E-03   0.6174625E-05  -0.3025996E-04   0.3008949E-04  -0.8153095E-05
   0.1160357E-03   0.7020369E-05  -0.3005340E-04   0.2989370E-04  -0.7902070E-05
   0.1181879E-03   0.7876427E-05  -0.2973561E-04   0.2958512E-04  -0.7633386E-05
   0.1200524E-03   0.8740836E-05  -0.2933299E-04   0.2918902E-04  -0.7355387E-05
   0.1216823E-03   0.9611416E-05  -0.2886422E-04   0.2872620E-04  -0.7074707E-05
   0.1231166E-03   0.1048583E-04  -0.2834279E-04   0.2820855E-04  -0.6794958E-05
   0.1243918E-03   0.1136334E-04  -0.2778099E-04   0.2764886E-04  -0.6519952E-05
   0.1255363E-03   0.1224324E-04  -0.2718820E-04   0.2705842E-04  -0.6252907E-05
   0.1265693E-03   0.1312422E-04  -0.2657058E-04   0.2644256E-04  -0.5995147E-05
   0.1275084E-03   0.1400554E-04  -0.2593370E-04   0.2580681E-04  -0.5748041E-05
   0.1283678E-03   0.1488659E-04  -0.2528188E-04   0.2515565E-04  -0.5512619E-05
   0.1292549E-03   0.1579250E-04  -0.2464775E-04   0.2455057E-04  -0.5307276E-05
   0.1299973E-03   0.1667504E-04  -0.2397837E-04   0.2388346E-04  -0.5098637E-05
   0.1306881E-03   0.1755581E-04  -0.2330215E-04   0.2320864E-04  -0.4903053E-05
   0.1313347E-03   0.1843456E-04  -0.2262099E-04   0.2252787E-04  -0.4720758E-05
   0.1319451E-03   0.1931176E-04  -0.2193704E-04   0.2184478E-04  -0.4552590E-05
   0.1325233E-03   0.2018693E-04  -0.2125125E-04   0.2115951E-04  -0.4398337E-05
   0.1330760E-03   0.2106084E-04  -0.2056533E-04   0.2047514E-04  -0.4258682E-05
   0.1335990E-03   0.2193080E-04  -0.1987773E-04   0.1978778E-04  -0.4132305E-05
   0.1341017E-03   0.2279877E-04  -0.1919094E-04   0.1910133E-04  -0.4020158E-05
   0.1345845E-03   0.2366394E-04  -0.1850482E-04   0.1841504E-04  -0.3921900E-05
   0.1350496E-03   0.2452630E-04  -0.1781979E-04   0.1773006E-04  -0.3837718E-05
   0.1354959E-03   0.2538461E-04  -0.1713520E-04   0.1704460E-04  -0.3767008E-05
   0.1359320E-03   0.2624144E-04  -0.1645336E-04   0.1636249E-04  -0.3710787E-05
   0.1363499E-03   0.2709306E-04  -0.1577162E-04   0.1568032E-04  -0.3668009E-05
   0.1367636E-03   0.2794456E-04  -0.1509387E-04   0.1500322E-04  -0.3640096E-05
   0.1371620E-03   0.2879114E-04  -0.1441669E-04   0.1432459E-04  -0.3625197E-05
   0.1375523E-03   0.2963534E-04  -0.1374196E-04   0.1364934E-04  -0.3624674E-05
   0.1379310E-03   0.3047528E-04  -0.1306845E-04   0.1297450E-04  -0.3637751E-05
   0.1383042E-03   0.3131327E-04  -0.1239769E-04   0.1230343E-04  -0.3665380E-05
   0.1386680E-03   0.3214746E-04  -0.1172841E-04   0.1163321E-04  -0.3706849E-05
   0.1390221E-03   0.3297756E-04  -0.1106046E-04   0.1096368E-04  -0.3762220E-05
   0.1393743E-03   0.3380670E-04  -0.1039569E-04   0.1029874E-04  -0.3832639E-05
   0.1398933E-03   0.3471061E-04  -0.9778862E-05   0.9726074E-05  -0.3941561E-05
   0.1402362E-03   0.3553646E-04  -0.9118344E-05   0.9066362E-05  -0.4041330E-05
   0.1405745E-03   0.3636004E-04  -0.8459899E-05   0.8408757E-05  -0.4155958E-05
   0.1409028E-03   0.3717876E-04  -0.7802004E-05   0.7751037E-05  -0.4285094E-05
   0.1412224E-03   0.3799326E-04  -0.7145049E-05   0.7092989E-05  -0.4428916E-05
   0.1415397E-03   0.3880640E-04  -0.6490381E-05   0.6439169E-05  -0.4588865E-05
   0.1418517E-03   0.3961685E-04  -0.5837286E-05   0.5786743E-05  -0.4764493E-05
   0.1421565E-03   0.4042372E-04  -0.5185200E-05   0.5135465E-05  -0.4956052E-05
   0.1424550E-03   0.4122753E-04  -0.4534287E-05   0.4485444E-05  -0.5163929E-05
   0.1427511E-03   0.4203019E-04  -0.3885535E-05   0.3838843E-05  -0.5389033E-05
   0.1430328E-03   0.4282589E-04  -0.3235953E-05   0.3188805E-05  -0.5630083E-05
   0.1433130E-03   0.4362103E-04  -0.2588631E-05   0.2543537E-05  -0.5889556E-05
   0.1435946E-03   0.4441753E-04  -0.1944510E-05   0.1902247E-05  -0.6167750E-05
   0.1438718E-03   0.4521243E-04  -0.1302003E-05   0.1264572E-05  -0.6465043E-05
   0.1441369E-03   0.4600190E-04  -0.6593061E-06   0.6250643E-06  -0.6780704E-05
   0.1443980E-03   0.4679033E-04  -0.1851121E-07  -0.1082732E-07  -0.7116659E-05
   0.1446418E-03   0.4757086E-04   0.6234433E-06  -0.6505617E-06  -0.7471772E-05
   0.1448883E-03   0.4835429E-04   0.1261679E-05  -0.1282740E-05  -0.7849487E-05
   0.1451153E-03   0.4912898E-04   0.1901281E-05  -0.1919222E-05  -0.8247755E-05
   0.1453442E-03   0.4990675E-04   0.2536970E-05  -0.2549391E-05  -0.8669905E-05
   0.1455596E-03   0.5067942E-04   0.3172205E-05  -0.3178485E-05  -0.9115588E-05
   0.1457653E-03   0.5144943E-04   0.3805690E-05  -0.3806749E-05  -0.9585737E-05
   0.1459606E-03   0.5221655E-04   0.4437374E-05  -0.4432055E-05  -0.1008185E-04
   0.1461405E-03   0.5297847E-04   0.5067915E-05  -0.5056768E-05  -0.1060455E-04
   0.1463106E-03   0.5373862E-04   0.5695648E-05  -0.5677047E-05  -0.1115590E-04
   0.1464715E-03   0.5449781E-04   0.6319776E-05  -0.6293797E-05  -0.1173706E-04
   0.1466115E-03   0.5524962E-04   0.6942451E-05  -0.6909555E-05  -0.1234882E-04
   0.1467427E-03   0.5600166E-04   0.7560142E-05  -0.7518471E-05  -0.1299408E-04
   0.1468493E-03   0.5674519E-04   0.8175569E-05  -0.8126623E-05  -0.1367318E-04
   0.1469481E-03   0.5749058E-04   0.8784022E-05  -0.8724462E-05  -0.1439006E-04
   0.1470295E-03   0.5823302E-04   0.9386343E-05  -0.9317140E-05  -0.1514554E-04
   0.1470905E-03   0.5897128E-04   0.9982016E-05  -0.9901716E-05  -0.1594248E-04
   0.1471236E-03   0.5970151E-04   0.1057110E-04  -0.1047931E-04  -0.1678297E-04
   0.1471496E-03   0.6043751E-04   0.1114700E-04  -0.1104179E-04  -0.1767144E-04
   0.1471421E-03   0.6116390E-04   0.1171346E-04  -0.1159450E-04  -0.1860947E-04
   0.1471096E-03   0.6188706E-04   0.1226589E-04  -0.1213223E-04  -0.1960130E-04
   0.1470406E-03   0.6260107E-04   0.1280357E-04  -0.1265617E-04  -0.2065008E-04
   0.1469567E-03   0.6332080E-04   0.1331810E-04  -0.1315251E-04  -0.2176252E-04
   0.1468302E-03   0.6403050E-04   0.1381078E-04  -0.1362692E-04  -0.2294148E-04
   0.1466716E-03   0.6473857E-04   0.1427365E-04  -0.1406851E-04  -0.2419377E-04
   0.1464805E-03   0.6544698E-04   0.1469956E-04  -0.1446994E-04  -0.2552582E-04
   0.1462343E-03   0.6614358E-04   0.1508431E-04  -0.1483044E-04  -0.2694301E-04
   0.1459458E-03   0.6683943E-04   0.1541340E-04  -0.1513099E-04  -0.2845517E-04
   0.1456054E-03   0.6753190E-04   0.1567336E-04  -0.1535945E-04  -0.3007084E-04
   0.1452142E-03   0.6822591E-04   0.1584246E-04  -0.1549133E-04  -0.3180109E-04
   0.1447441E-03   0.6890862E-04   0.1589562E-04  -0.1550453E-04  -0.3365596E-04
   0.1441945E-03   0.6958736E-04   0.1578473E-04  -0.1534682E-04  -0.3564928E-04
   0.1435398E-03   0.7025878E-04   0.1542885E-04  -0.1493549E-04  -0.3779355E-04
   0.1427304E-03   0.7093395E-04   0.1462979E-04  -0.1404191E-04  -0.4009284E-04
   0.1408488E-03  -0.1548892E-03   0.1338193E-04  -0.1210110E-04  -0.4419876E-04
   0.1378863E-03  -0.1552741E-03   0.1244239E-04  -0.1099667E-04  -0.5005152E-04
   0.1345930E-03  -0.1556808E-03   0.1178275E-04  -0.1020928E-04  -0.5641580E-04
   0.1308499E-03  -0.1561824E-03   0.1136470E-04  -0.9562482E-05  -0.6336108E-04
   0.1269772E-03  -0.1565399E-03   0.1106239E-04  -0.8963469E-05  -0.7102607E-04
   0.1225852E-03  -0.1569927E-03   0.1075596E-04  -0.8509429E-05  -0.7955449E-04
   0.1177497E-03  -0.1574589E-03   0.1065452E-04  -0.8045859E-05  -0.8915959E-04
   0.1121782E-03  -0.1579589E-03   0.1060698E-04  -0.7644756E-05  -0.9984004E-04
   0.1059763E-03  -0.1584771E-03   0.1061675E-04  -0.7294108E-05  -0.1121822E-03
   0.9886681E-04  -0.1590246E-03   0.1091467E-04  -0.6883249E-05  -0.1264719E-03
   0.9055785E-04  -0.1595943E-03   0.1128452E-04  -0.6520361E-05  -0.1432049E-03
   0.8069468E-04  -0.1602066E-03   0.1202151E-04  -0.6090541E-05  -0.1632519E-03
   0.6867766E-04  -0.1608699E-03   0.1300082E-04  -0.5695720E-05  -0.1878241E-03
   0.5352006E-04  -0.1615944E-03   0.1464335E-04  -0.5201509E-05  -0.2188504E-03
   0.3384992E-04  -0.1623744E-03   0.1745197E-04  -0.4532799E-05  -0.2601640E-03
   0.6321395E-05  -0.1632561E-03   0.2260261E-04  -0.3513997E-05  -0.3184511E-03
  -0.3607785E-04  -0.1642797E-03   0.3350212E-04  -0.1701218E-05  -0.4101596E-03
  -0.1146143E-03  -0.1655571E-03   0.6658907E-04   0.3382639E-05  -0.5878394E-03
  -0.3177417E-03  -0.1673681E-03   0.3231352E-03   0.2504897E-04  -0.1273312E-02
   0.7230370E-04  -0.1690275E-03   0.7498434E-03  -0.8502863E-03   0.2091856E-03
   0.1893476E-03  -0.1693422E-03   0.4909356E-03  -0.5008005E-03   0.1819563E-03
   0.2086266E-03  -0.1694412E-03   0.3870527E-03  -0.3941624E-03   0.1746544E-03
   0.2148001E-03  -0.1695098E-03   0.3325252E-03  -0.3342814E-03   0.1736787E-03
   0.2176505E-03  -0.1695729E-03   0.2946651E-03  -0.2971065E-03   0.1736381E-03
   0.2187066E-03  -0.1696387E-03   0.2685688E-03  -0.2689729E-03   0.1749792E-03
   0.2216686E-03  -0.1695747E-03   0.2504004E-03  -0.2459417E-03   0.1709141E-03
   0.2227604E-03  -0.1695792E-03   0.2293565E-03  -0.2362278E-03   0.1708581E-03
   0.2225057E-03  -0.1696443E-03   0.2192134E-03  -0.2209899E-03   0.1708156E-03
   0.2232035E-03  -0.1696385E-03   0.2091738E-03  -0.2087008E-03   0.1706393E-03
   0.2237308E-03  -0.1696345E-03   0.2004765E-03  -0.1975637E-03   0.1704402E-03
   0.2245699E-03  -0.1695884E-03   0.1933299E-03  -0.1888825E-03   0.1675542E-03
   0.2239869E-03  -0.1696726E-03   0.1812929E-03  -0.1852215E-03   0.1690635E-03
   0.2228356E-03  -0.1698198E-03   0.1783385E-03  -0.1776933E-03   0.1724607E-03
   0.2250419E-03  -0.1696034E-03   0.1734677E-03  -0.1706758E-03   0.1703647E-03
   0.2246905E-03  -0.1696689E-03   0.1667540E-03  -0.1664469E-03   0.1709733E-03
   0.2255677E-03  -0.1695802E-03   0.1613683E-03  -0.1634918E-03   0.1698104E-03
   0.2266048E-03  -0.1694468E-03   0.1582629E-03  -0.1581910E-03   0.1662014E-03
   0.2240104E-03  -0.1698073E-03   0.1536034E-03  -0.1544091E-03   0.1718095E-03
   0.2211435E-03  -0.1702455E-03   0.1487856E-03  -0.1516692E-03   0.1748850E-03
   0.2276461E-03  -0.1693084E-03   0.1444092E-03  -0.1489250E-03   0.1672196E-03
   0.2245614E-03  -0.1697829E-03   0.1447879E-03  -0.1433793E-03   0.1717188E-03
   0.2251514E-03  -0.1696909E-03   0.1443867E-03  -0.1389692E-03   0.1708052E-03
   0.2252426E-03  -0.1696933E-03   0.1374601E-03  -0.1397787E-03   0.1694078E-03
   0.2231418E-03  -0.1700740E-03   0.1418634E-03  -0.1318048E-03   0.1717680E-03
   0.2234430E-03  -0.1700522E-03   0.1331188E-03  -0.1348940E-03   0.1730026E-03
   0.2246718E-03  -0.1698416E-03   0.1308493E-03  -0.1322954E-03   0.1703570E-03
   0.2260344E-03  -0.1695545E-03   0.1266659E-03  -0.1330758E-03   0.1673633E-03
   0.2260210E-03  -0.1695720E-03   0.1287414E-03  -0.1280024E-03   0.1677057E-03
   0.2222355E-03  -0.1703666E-03   0.1240275E-03  -0.1272398E-03   0.1749014E-03
   0.2246268E-03  -0.1698836E-03   0.1228668E-03  -0.1248545E-03   0.1700981E-03
   0.2242620E-03  -0.1699752E-03   0.1252304E-03  -0.1198008E-03   0.1719918E-03
   0.2240918E-03  -0.1700295E-03   0.1198583E-03  -0.1216090E-03   0.1727445E-03
   0.2275344E-03  -0.1692293E-03   0.1211193E-03  -0.1178953E-03   0.1696907E-03
   0.2253682E-03  -0.1697426E-03   0.1166799E-03  -0.1189655E-03   0.1696987E-03
   0.2246239E-03  -0.1699367E-03   0.1143406E-03  -0.1200476E-03   0.1712522E-03
   0.2244807E-03  -0.1699988E-03   0.1168213E-03  -0.1150447E-03   0.1717377E-03
   0.2260012E-03  -0.1695969E-03   0.1175761E-03  -0.1112549E-03   0.1667795E-03
   0.2251154E-03  -0.1698535E-03   0.1108649E-03  -0.1148800E-03   0.1707438E-03
   0.2242919E-03  -0.1700625E-03   0.1079850E-03  -0.1155410E-03   0.1705625E-03
   0.2232472E-03  -0.1703544E-03   0.1119867E-03  -0.1083938E-03   0.1729819E-03
   0.2216910E-03  -0.1708043E-03   0.1072837E-03  -0.1117660E-03   0.1728817E-03
   0.2258119E-03  -0.1696625E-03   0.1106405E-03  -0.1063123E-03   0.1670319E-03
   0.2266679E-03  -0.1694209E-03   0.1068855E-03  -0.1097439E-03   0.1677492E-03
   0.2292540E-03  -0.1686632E-03   0.1050222E-03  -0.1073222E-03   0.1658333E-03
   0.2212406E-03  -0.1710500E-03   0.1032990E-03  -0.1093347E-03   0.1720111E-03
   0.2249933E-03  -0.1699260E-03   0.1084061E-03  -0.9989298E-04   0.1683741E-03
   0.2239691E-03  -0.1702309E-03   0.1071981E-03  -0.9992009E-04   0.1729122E-03
   0.2243404E-03  -0.1701572E-03   0.9993630E-04  -0.1075038E-03   0.1701849E-03
   0.2261269E-03  -0.1695832E-03   0.1005063E-03  -0.1040766E-03   0.1701088E-03
   0.2273403E-03  -0.1691992E-03   0.1012541E-03  -0.1015638E-03   0.1673037E-03
   0.2265124E-03  -0.1694657E-03   0.9918567E-04  -0.1032938E-03   0.1662535E-03
   0.2249528E-03  -0.1699795E-03   0.1007358E-03  -0.1016304E-03   0.1689687E-03
   0.2258870E-03  -0.1696692E-03   0.1023142E-03  -0.9886000E-04   0.1695725E-03
   0.2257287E-03  -0.1697266E-03   0.9864172E-04  -0.9677144E-04   0.1693200E-03
   0.2242609E-03  -0.1702320E-03   0.1015123E-03  -0.9403106E-04   0.1710910E-03
   0.2245806E-03  -0.1701296E-03   0.9780245E-04  -0.9759285E-04   0.1700352E-03
   0.2281611E-03  -0.1688677E-03   0.9606127E-04  -0.9862526E-04   0.1661504E-03
   0.2264537E-03  -0.1694731E-03   0.9149018E-04  -0.1013553E-03   0.1672785E-03
   0.2244375E-03  -0.1702080E-03   0.9274896E-04  -0.9917397E-04   0.1690537E-03
   0.2256632E-03  -0.1697618E-03   0.9737200E-04  -0.9317374E-04   0.1690616E-03
   0.2235639E-03  -0.1705455E-03   0.9349691E-04  -0.9675659E-04   0.1724486E-03
   0.2265313E-03  -0.1694399E-03   0.9313776E-04  -0.9697612E-04   0.1696374E-03
   0.2246506E-03  -0.1701534E-03   0.9262974E-04  -0.9598519E-04   0.1700203E-03
   0.2269470E-03  -0.1692792E-03   0.9156768E-04  -0.9419291E-04   0.1684685E-03
   0.2229208E-03  -0.1708360E-03   0.8931341E-04  -0.9582588E-04   0.1731283E-03
   0.2252083E-03  -0.1699538E-03   0.8949368E-04  -0.9587203E-04   0.1695622E-03
   0.2245658E-03  -0.1702143E-03   0.8939840E-04  -0.9399401E-04   0.1681427E-03
   0.2305164E-03  -0.1678400E-03   0.8737807E-04  -0.9400247E-04   0.1655929E-03
   0.2245907E-03  -0.1702064E-03   0.9941132E-04  -0.8139652E-04   0.1704883E-03
   0.2255042E-03  -0.1698477E-03   0.9200911E-04  -0.8900386E-04   0.1667841E-03
   0.2256193E-03  -0.1698026E-03   0.9270669E-04  -0.8573653E-04   0.1700318E-03
   0.2257793E-03  -0.1697408E-03   0.8775041E-04  -0.8979049E-04   0.1698972E-03
   0.2244667E-03  -0.1702884E-03   0.9105223E-04  -0.8787200E-04   0.1701120E-03
   0.2232383E-03  -0.1708204E-03   0.8375833E-04  -0.9165210E-04   0.1735017E-03
   0.2278100E-03  -0.1688770E-03   0.8447516E-04  -0.9259495E-04   0.1673432E-03
   0.2256499E-03  -0.1697993E-03   0.9042529E-04  -0.8546881E-04   0.1669153E-03
   0.2269379E-03  -0.1692420E-03   0.8799983E-04  -0.8781398E-04   0.1668748E-03
   0.2248976E-03  -0.1701332E-03   0.8578380E-04  -0.8848913E-04   0.1714651E-03
   0.2210976E-03  -0.1718139E-03   0.8713484E-04  -0.8586040E-04   0.1749375E-03
   0.2238974E-03  -0.1705871E-03   0.8539427E-04  -0.8917211E-04   0.1702474E-03
   0.2250658E-03  -0.1700696E-03   0.8761430E-04  -0.8360574E-04   0.1676390E-03
   0.2261712E-03  -0.1695770E-03   0.8311752E-04  -0.8674358E-04   0.1676917E-03
   0.2250466E-03  -0.1700881E-03   0.8243194E-04  -0.8702324E-04   0.1695524E-03
   0.2247146E-03  -0.1702398E-03   0.8301791E-04  -0.8777218E-04   0.1710218E-03
   0.2283418E-03  -0.1685696E-03   0.8567204E-04  -0.8457872E-04   0.1650383E-03
   0.2257733E-03  -0.1697584E-03   0.8719709E-04  -0.8112333E-04   0.1711537E-03
   0.2223105E-03  -0.1713789E-03   0.8495927E-04  -0.7884722E-04   0.1728543E-03
   0.2275959E-03  -0.1688969E-03   0.8262606E-04  -0.8504025E-04   0.1680035E-03
   0.2208644E-03  -0.1720903E-03   0.8341296E-04  -0.8261497E-04   0.1749861E-03
   0.2216452E-03  -0.1717332E-03   0.8298483E-04  -0.8190384E-04   0.1739130E-03
   0.2260761E-03  -0.1696147E-03   0.8031158E-04  -0.8650891E-04   0.1682970E-03
   0.2266643E-03  -0.1693289E-03   0.8618434E-04  -0.7811434E-04   0.1685132E-03
   0.2256063E-03  -0.1698399E-03   0.8409825E-04  -0.8168964E-04   0.1705736E-03
   0.2261469E-03  -0.1695793E-03   0.7662805E-04  -0.8539681E-04   0.1689120E-03
   0.2234709E-03  -0.1708992E-03   0.8399357E-04  -0.8003547E-04   0.1701094E-03
   0.2243058E-03  -0.1704966E-03   0.7961143E-04  -0.8174937E-04   0.1723764E-03
   0.2287691E-03  -0.1682681E-03   0.7817670E-04  -0.8480236E-04   0.1658466E-03
   0.2227998E-03  -0.1712626E-03   0.8126692E-04  -0.7901665E-04   0.1725611E-03
   0.2262801E-03  -0.1695122E-03   0.7825095E-04  -0.8389127E-04   0.1691807E-03
   0.2214748E-03  -0.1719556E-03   0.7737778E-04  -0.8360711E-04   0.1741372E-03
   0.2275089E-03  -0.1688815E-03   0.7575523E-04  -0.8491630E-04   0.1658889E-03
   0.2233484E-03  -0.1710170E-03   0.7896826E-04  -0.8246516E-04   0.1708475E-03
   0.2290851E-03  -0.1680567E-03   0.7933571E-04  -0.7839534E-04   0.1657089E-03
   0.2218572E-03  -0.1718080E-03   0.7654310E-04  -0.8331693E-04   0.1728008E-03
   0.2265403E-03  -0.1693705E-03   0.7805923E-04  -0.7834839E-04   0.1673995E-03
   0.2234800E-03  -0.1709791E-03   0.7850384E-04  -0.7993367E-04   0.1717064E-03
   0.2262475E-03  -0.1695655E-03   0.7769391E-04  -0.7948127E-04   0.1691882E-03
   0.2230480E-03  -0.1712286E-03   0.7623152E-04  -0.8038851E-04   0.1714509E-03
   0.2263383E-03  -0.1694803E-03   0.7483183E-04  -0.8240974E-04   0.1696102E-03
   0.2238974E-03  -0.1707900E-03   0.7830151E-04  -0.7664989E-04   0.1688117E-03
   0.2224030E-03  -0.1715990E-03   0.7989928E-04  -0.7918227E-04   0.1719653E-03
   0.2270399E-03  -0.1690966E-03   0.7750324E-04  -0.7599059E-04   0.1681048E-03
   0.2267070E-03  -0.1692748E-03   0.8240267E-04  -0.7066070E-04   0.1698868E-03
   0.2264980E-03  -0.1693878E-03   0.7811213E-04  -0.7817413E-04   0.1682016E-03
   0.2247871E-03  -0.1703289E-03   0.7596567E-04  -0.7899859E-04   0.1700324E-03
   0.2255569E-03  -0.1699048E-03   0.8199487E-04  -0.7077722E-04   0.1701938E-03
   0.2223219E-03  -0.1716977E-03   0.8035549E-04  -0.7365741E-04   0.1728049E-03
   0.2244718E-03  -0.1705149E-03   0.7476555E-04  -0.7912255E-04   0.1681081E-03
   0.2256108E-03  -0.1698779E-03   0.7907610E-04  -0.7554783E-04   0.1714501E-03
   0.2297118E-03  -0.1675734E-03   0.7579025E-04  -0.7625394E-04   0.1651012E-03
   0.2238612E-03  -0.1708689E-03   0.7334843E-04  -0.7820450E-04   0.1712677E-03
   0.2277424E-03  -0.1686688E-03   0.7618621E-04  -0.7607749E-04   0.1684353E-03
   0.2259869E-03  -0.1696696E-03   0.7716293E-04  -0.7546628E-04   0.1690563E-03
   0.2260130E-03  -0.1696565E-03   0.7439328E-04  -0.7737185E-04   0.1681507E-03
   0.2232179E-03  -0.1712582E-03   0.7829707E-04  -0.7283307E-04   0.1722376E-03
   0.2242831E-03  -0.1706530E-03   0.7524015E-04  -0.7621939E-04   0.1680419E-03
   0.2242099E-03  -0.1707016E-03   0.7166681E-04  -0.7855512E-04   0.1717440E-03
   0.2235401E-03  -0.1710955E-03   0.7451056E-04  -0.7374067E-04   0.1693715E-03
   0.2219123E-03  -0.1719417E-03   0.7921227E-04  -0.6829548E-04   0.1728424E-03
   0.2255274E-03  -0.1698312E-03   0.7372854E-04  -0.7827522E-04   0.1712670E-03
   0.2242973E-03  -0.1705569E-03   0.7702239E-04  -0.7264748E-04   0.1695410E-03
   0.2226163E-03  -0.1715566E-03   0.7216962E-04  -0.7560815E-04   0.1729150E-03
   0.2234864E-03  -0.1710478E-03   0.7172483E-04  -0.7749526E-04   0.1711796E-03
   0.2256264E-03  -0.1697766E-03   0.7587866E-04  -0.7116787E-04   0.1692840E-03
   0.2285590E-03  -0.1680258E-03   0.7375968E-04  -0.7592393E-04   0.1669131E-03
   0.2216221E-03  -0.1721787E-03   0.7561754E-04  -0.7302128E-04   0.1734207E-03
   0.2265257E-03  -0.1692426E-03   0.7218081E-04  -0.7353839E-04   0.1674628E-03
   0.2221073E-03  -0.1719068E-03   0.7091081E-04  -0.7631623E-04   0.1719122E-03
   0.2261636E-03  -0.1694586E-03   0.7408632E-04  -0.7341463E-04   0.1688336E-03
   0.2260724E-03  -0.1695100E-03   0.7552051E-04  -0.7175587E-04   0.1691800E-03
   0.2219416E-03  -0.1720304E-03   0.7351747E-04  -0.7305126E-04   0.1720420E-03
   0.2276957E-03  -0.1685182E-03   0.6985574E-04  -0.7647902E-04   0.1682483E-03
   0.2254252E-03  -0.1699111E-03   0.7528494E-04  -0.7010514E-04   0.1706872E-03
   0.2275177E-03  -0.1686242E-03   0.7187416E-04  -0.7382435E-04   0.1667398E-03
   0.2231883E-03  -0.1712970E-03   0.7154897E-04  -0.7513951E-04   0.1716490E-03
   0.2241342E-03  -0.1707132E-03   0.7163110E-04  -0.7136108E-04   0.1708325E-03
   0.2290262E-03  -0.1676738E-03   0.7307232E-04  -0.7328295E-04   0.1665925E-03
   0.2249911E-03  -0.1701835E-03   0.7492133E-04  -0.6891837E-04   0.1681747E-03
   0.2281427E-03  -0.1682126E-03   0.7477253E-04  -0.7162967E-04   0.1679751E-03
   0.2231078E-03  -0.1713704E-03   0.7463868E-04  -0.7133994E-04   0.1706944E-03
   0.2257505E-03  -0.1697116E-03   0.7327613E-04  -0.7106798E-04   0.1711097E-03
   0.2261459E-03  -0.1694646E-03   0.7606062E-04  -0.6608852E-04   0.1664128E-03
   0.2260099E-03  -0.1695546E-03   0.7098825E-04  -0.7075111E-04   0.1703052E-03
   0.2283784E-03  -0.1680438E-03   0.7267942E-04  -0.7127451E-04   0.1665104E-03
   0.2250830E-03  -0.1701389E-03   0.6948593E-04  -0.7465335E-04   0.1703234E-03
   0.2255056E-03  -0.1698741E-03   0.7082078E-04  -0.7057351E-04   0.1708022E-03
   0.2292429E-03  -0.1674788E-03   0.6969166E-04  -0.7222759E-04   0.1662305E-03
   0.2242047E-03  -0.1707099E-03   0.7285811E-04  -0.7122635E-04   0.1707911E-03
   0.2252252E-03  -0.1700568E-03   0.6868342E-04  -0.7272902E-04   0.1691237E-03
   0.2233220E-03  -0.1712908E-03   0.6824740E-04  -0.7236416E-04   0.1705843E-03
   0.2254624E-03  -0.1699080E-03   0.7017886E-04  -0.7163799E-04   0.1695862E-03
   0.2268686E-03  -0.1689987E-03   0.6973717E-04  -0.6939752E-04   0.1695552E-03
   0.2254846E-03  -0.1698952E-03   0.6751654E-04  -0.7382666E-04   0.1705200E-03
   0.2253514E-03  -0.1699802E-03   0.7459401E-04  -0.6656183E-04   0.1697063E-03
   0.2262137E-03  -0.1694178E-03   0.6764459E-04  -0.7295147E-04   0.1676971E-03
   0.2258000E-03  -0.1696887E-03   0.6913412E-04  -0.7292032E-04   0.1701484E-03
   0.2242041E-03  -0.1707405E-03   0.7081411E-04  -0.6890723E-04   0.1712298E-03
   0.2263025E-03  -0.1693556E-03   0.7022698E-04  -0.6998472E-04   0.1677267E-03
   0.2263732E-03  -0.1693106E-03   0.7176841E-04  -0.6572674E-04   0.1702250E-03
   0.2257594E-03  -0.1697177E-03   0.7211522E-04  -0.6893175E-04   0.1680075E-03
   0.2251990E-03  -0.1700949E-03   0.6773946E-04  -0.7131632E-04   0.1706622E-03
   0.2286412E-03  -0.1678014E-03   0.6513140E-04  -0.7286397E-04   0.1670715E-03
   0.2258452E-03  -0.1696669E-03   0.7051303E-04  -0.6927286E-04   0.1708226E-03
   0.2290162E-03  -0.1675397E-03   0.7312636E-04  -0.6432713E-04   0.1667694E-03
   0.2255670E-03  -0.1698521E-03   0.7108790E-04  -0.6851924E-04   0.1708711E-03
   0.2238465E-03  -0.1710147E-03   0.7043004E-04  -0.6776486E-04   0.1692030E-03
   0.2294288E-03  -0.1672438E-03   0.6854330E-04  -0.7146820E-04   0.1669693E-03
   0.2216658E-03  -0.1724957E-03   0.6891496E-04  -0.7087595E-04   0.1721949E-03
   0.2232725E-03  -0.1714087E-03   0.6995475E-04  -0.6743899E-04   0.1711490E-03
   0.2269232E-03  -0.1689364E-03   0.6884442E-04  -0.6938640E-04   0.1675481E-03
   0.2237759E-03  -0.1710795E-03   0.6849142E-04  -0.7068626E-04   0.1705472E-03
   0.2277850E-03  -0.1683448E-03   0.6749808E-04  -0.6948106E-04   0.1678338E-03
   0.2241206E-03  -0.1708449E-03   0.7105585E-04  -0.6777774E-04   0.1701949E-03
   0.2269595E-03  -0.1689061E-03   0.6706083E-04  -0.6975174E-04   0.1687914E-03
   0.2290524E-03  -0.1674639E-03   0.6470338E-04  -0.7127879E-04   0.1685461E-03
   0.2286188E-03  -0.1677580E-03   0.7059724E-04  -0.6813225E-04   0.1676528E-03
   0.2218393E-03  -0.1724358E-03   0.6939285E-04  -0.6930383E-04   0.1718466E-03
   0.2222378E-03  -0.1721657E-03   0.6560627E-04  -0.6877981E-04   0.1712039E-03
   0.2267535E-03  -0.1690430E-03   0.6640998E-04  -0.6961171E-04   0.1676382E-03
   0.2258696E-03  -0.1696553E-03   0.6914279E-04  -0.6979555E-04   0.1691217E-03
   0.2238344E-03  -0.1710716E-03   0.6566768E-04  -0.7043469E-04   0.1714508E-03
   0.2257219E-03  -0.1697564E-03   0.7094871E-04  -0.6521746E-04   0.1696176E-03
   0.2268032E-03  -0.1690643E-03   0.6790106E-04  -0.6879059E-04   0.1676675E-03
   0.2243519E-03  -0.1707156E-03   0.7084423E-04  -0.6343222E-04   0.1707264E-03
   0.2265612E-03  -0.1691682E-03   0.6963141E-04  -0.6686749E-04   0.1678169E-03
   0.2238769E-03  -0.1710559E-03   0.6503098E-04  -0.7061138E-04   0.1712156E-03
   0.2252901E-03  -0.1700634E-03   0.7030990E-04  -0.6630888E-04   0.1692611E-03
   0.2281714E-03  -0.1680347E-03   0.6415737E-04  -0.7205318E-04   0.1673878E-03
   0.2233755E-03  -0.1714179E-03   0.7054854E-04  -0.6483794E-04   0.1714658E-03
   0.2303180E-03  -0.1665048E-03   0.7340875E-04  -0.6178981E-04   0.1655133E-03
   0.2220048E-03  -0.1724010E-03   0.6822184E-04  -0.6696124E-04   0.1719155E-03
   0.2277081E-03  -0.1683516E-03   0.6563797E-04  -0.6745922E-04   0.1680699E-03
   0.2291430E-03  -0.1673262E-03   0.6567904E-04  -0.6950650E-04   0.1670640E-03
   0.2224852E-03  -0.1720746E-03   0.6705588E-04  -0.6935933E-04   0.1709191E-03
   0.2263545E-03  -0.1693109E-03   0.6748455E-04  -0.6728686E-04   0.1704653E-03
   0.2231695E-03  -0.1715927E-03   0.6858675E-04  -0.6513316E-04   0.1701378E-03
   0.2278168E-03  -0.1682630E-03   0.6665492E-04  -0.6817108E-04   0.1676231E-03
   0.2250670E-03  -0.1702373E-03   0.6597542E-04  -0.6891137E-04   0.1699866E-03
   0.2271381E-03  -0.1687422E-03   0.6750107E-04  -0.6627176E-04   0.1682802E-03
   0.2260555E-03  -0.1695195E-03   0.6843229E-04  -0.6647460E-04   0.1693086E-03
   0.2243233E-03  -0.1707718E-03   0.6527618E-04  -0.6781909E-04   0.1699095E-03
   0.2252939E-03  -0.1700714E-03   0.6898034E-04  -0.6592274E-04   0.1695108E-03
   0.2255412E-03  -0.1699586E-03   0.6557488E-04  -0.6724813E-04   0.1699647E-03
   0.2213440E-03  -0.1730017E-03   0.8921193E-04  -0.5478517E-04   0.1703503E-03
   0.2215277E-03  -0.1728803E-03   0.6606143E-04  -0.6808999E-04   0.1715634E-03
   0.2238535E-03  -0.1711907E-03   0.6757352E-04  -0.6506083E-04   0.1704622E-03
   0.2291639E-03  -0.1673181E-03   0.6651350E-04  -0.6617737E-04   0.1671091E-03
   0.2386985E-03  -0.1602718E-03   0.8925105E-04  -0.5482552E-04   0.1642943E-03
   0.2225524E-03  -0.1720853E-03   0.6392298E-04  -0.6954087E-04   0.1710548E-03
   0.2243181E-03  -0.1707971E-03   0.6879390E-04  -0.6489957E-04   0.1709743E-03
   0.2265306E-03  -0.1691740E-03   0.6566338E-04  -0.6560706E-04   0.1689173E-03
   0.2191012E-03  -0.1746371E-03   0.6643119E-04  -0.6793468E-04   0.1751753E-03
   0.2226048E-03  -0.1720658E-03   0.6822288E-04  -0.6254030E-04   0.1715593E-03
   0.2269350E-03  -0.1688724E-03   0.6672646E-04  -0.6501949E-04   0.1679640E-03
   0.2251175E-03  -0.1702174E-03   0.6375174E-04  -0.6969803E-04   0.1705013E-03
   0.2257563E-03  -0.1697439E-03   0.6753716E-04  -0.6535205E-04   0.1698869E-03
   0.2252805E-03  -0.1700938E-03   0.6418640E-04  -0.6743504E-04   0.1688795E-03
   0.2259141E-03  -0.1696268E-03   0.6593287E-04  -0.6865143E-04   0.1686172E-03
   0.2260396E-03  -0.1695325E-03   0.6605760E-04  -0.6464850E-04   0.1702184E-03
   0.2359709E-03  -0.1621379E-03   0.6918306E-04  -0.6160685E-04   0.1646553E-03
   0.2214663E-03  -0.1729426E-03   0.6406657E-04  -0.6729415E-04   0.1717131E-03
   0.2265560E-03  -0.1691481E-03   0.6709193E-04  -0.6391823E-04   0.1693067E-03
   0.2248725E-03  -0.1704086E-03   0.6851881E-04  -0.6394350E-04   0.1686715E-03
   0.2251614E-03  -0.1701968E-03   0.6108560E-04  -0.6976062E-04   0.1689405E-03
   0.2262932E-03  -0.1693476E-03   0.6330373E-04  -0.6850452E-04   0.1697463E-03
   0.2210809E-03  -0.1732632E-03   0.6629512E-04  -0.6522779E-04   0.1718803E-03
   0.2274104E-03  -0.1685045E-03   0.6784415E-04  -0.6306489E-04   0.1689558E-03
   0.2258631E-03  -0.1696684E-03   0.6398484E-04  -0.6638882E-04   0.1684242E-03
   0.2257841E-03  -0.1697278E-03   0.6582277E-04  -0.6650723E-04   0.1691889E-03
   0.2245299E-03  -0.1706790E-03   0.6682090E-04  -0.6289708E-04   0.1697756E-03
   0.2258975E-03  -0.1696403E-03   0.6519146E-04  -0.6539497E-04   0.1689538E-03
   0.2262248E-03  -0.1693962E-03   0.6473853E-04  -0.6585162E-04   0.1693015E-03
   0.2257952E-03  -0.1697220E-03   0.6682457E-04  -0.6432477E-04   0.1693882E-03
   0.2256626E-03  -0.1698193E-03   0.6345348E-04  -0.6641408E-04   0.1693593E-03
   0.2228044E-03  -0.1719974E-03   0.6665742E-04  -0.6437816E-04   0.1706112E-03
   0.2275681E-03  -0.1683723E-03   0.6693052E-04  -0.6265653E-04   0.1690179E-03
   0.2235056E-03  -0.1714677E-03   0.6306759E-04  -0.6746752E-04   0.1700732E-03
   0.2258097E-03  -0.1697151E-03   0.6146851E-04  -0.6753179E-04   0.1702174E-03
   0.2231586E-03  -0.1717340E-03   0.6650427E-04  -0.6314430E-04   0.1704251E-03
   0.2261499E-03  -0.1694538E-03   0.6547361E-04  -0.6421273E-04   0.1684481E-03
   0.2289043E-03  -0.1673415E-03   0.6399718E-04  -0.6652203E-04   0.1676800E-03
   0.2203063E-03  -0.1739329E-03   0.6091211E-04  -0.6875746E-04   0.1710830E-03
   0.2244575E-03  -0.1707537E-03   0.6275703E-04  -0.6678088E-04   0.1706434E-03
   0.2219820E-03  -0.1726559E-03   0.6655835E-04  -0.6307913E-04   0.1710847E-03
   0.2283689E-03  -0.1677429E-03   0.6651191E-04  -0.6296729E-04   0.1681731E-03
   0.2194762E-03  -0.1745962E-03   0.6229794E-04  -0.6722471E-04   0.1740557E-03
   0.2229084E-03  -0.1719492E-03   0.6794694E-04  -0.6066669E-04   0.1713399E-03
   0.2254486E-03  -0.1699920E-03   0.6519424E-04  -0.6305328E-04   0.1688064E-03
   0.2249899E-03  -0.1703455E-03   0.6184349E-04  -0.6915216E-04   0.1698463E-03
   0.2243073E-03  -0.1708792E-03   0.6380302E-04  -0.6596544E-04   0.1704928E-03
   0.2242016E-03  -0.1709649E-03   0.6526033E-04  -0.6417131E-04   0.1698862E-03
   0.2285981E-03  -0.1675501E-03   0.6371981E-04  -0.6565351E-04   0.1679490E-03
   0.2237009E-03  -0.1713530E-03   0.6159822E-04  -0.6867928E-04   0.1695349E-03
   0.2240046E-03  -0.1711214E-03   0.6714292E-04  -0.6194531E-04   0.1706321E-03
   0.2284870E-03  -0.1676231E-03   0.6544984E-04  -0.6159994E-04   0.1680162E-03
   0.2255311E-03  -0.1699289E-03   0.5490703E-04  -0.8476574E-04   0.1733173E-03
   0.2239750E-03  -0.1711442E-03   0.6190030E-04  -0.6526009E-04   0.1705345E-03
   0.2274802E-03  -0.1684065E-03   0.6758155E-04  -0.6140409E-04   0.1686638E-03
   0.2261425E-03  -0.1694517E-03   0.6421112E-04  -0.6433589E-04   0.1684336E-03
   0.2283465E-03  -0.1677237E-03   0.6311451E-04  -0.6606991E-04   0.1681740E-03
   0.2213259E-03  -0.1732269E-03   0.6009325E-04  -0.6791993E-04   0.1708783E-03
   0.2252859E-03  -0.1701220E-03   0.6271312E-04  -0.6543109E-04   0.1703685E-03
   0.2217841E-03  -0.1728751E-03   0.6483263E-04  -0.6291779E-04   0.1709723E-03
   0.2269957E-03  -0.1687778E-03   0.6648729E-04  -0.6183485E-04   0.1686574E-03
   0.2281535E-03  -0.1678644E-03   0.6251770E-04  -0.6528297E-04   0.1680714E-03
